Получившиеся матрицы:
7.0 10.0 8.0 7.0 | 32.0
0.0 -0.5714285714285712 3.1428571428571432 3.0 | 5.571428571428573
0.0 0.0 2.4999999999999973 4.249999999999997 | 6.749999999999995
0.0 0.0 0.0 0.10000000000000264 | 0.10000000000000231

Решение системы:
X1 = 0,9999999999999787
X2 = 1,0000000000000124
X3 = 1,0000000000000058
X4 = 0,9999999999999967

Определитель матрицы равен: 1.000000000000025

Невязки:
r1 = 6,821210e-13
r2 = -6,838974e-14
r3 = -3,907985e-14
r4 = 0,000000e+00

Обратная матрица
67,9999999999994200 -40,9999999999996200 -16,9999999999998970 9,9999999999999400 
-40,9999999999996400 24,9999999999997700 9,9999999999999360 -5,9999999999999630 
-16,9999999999998370 9,9999999999998950 4,9999999999999700 -2,9999999999999822 
9,9999999999999020 -5,9999999999999370 -2,9999999999999822 1,9999999999999896 
